1. 34.91649982 13.40538915 25.90799298
2. 161.54514966 202.59634073 176.35117361
3. 64.03447408 173.31518221 191.75596469
4. 177.45588106 48.4539236 204.54874158
5. 100.05065898 138.37990912 127.18361741
6. 83.33632475 245.66594413 59.77860832
7. 87.83247482 40.04088274 155.49803359
8. 178.5968448 202.75372774 93.07421608
9. 53.56593962 143.29824889 2.81787477
10. 126.74440463 116.42881066 177.96238673
11. 138.70850261 109.98069782 197.71749171
12. 175.21963726 23.92293491 91.33480265
13. 174.02459852 239.65186224 50.32138205
14. 30.37862965 8.40440176 191.47514327
15. 75.00946902 117.23469658 167.28634292
16. 113.49032107 240.29907001 99.08183319
17. 81.30315521 148.69690153 89.23360221
18. 222.23713722 225.30820679 16.08866693
19. 221.37135372 79.1351578 55.58574112
20. 205.11800182 47.77510327 84.96039514